0 0.24111675126903553 0.518048128342246 0.09475465313028765 0.9344919786096256
0 0.30752961082910324 0.5327540106951871 0.09390862944162437 0.910427807486631
0 0.6146362098138748 0.5735294117647058 0.11590524534686972 0.8048128342245989
0 0.5025380710659898 0.5514705882352942 0.08121827411167512 0.8355614973262032
0 0.8870558375634517 0.6477272727272727 0.10575296108291032 0.6510695187165776
0 0.5469543147208121 0.5701871657754011 0.06514382402707276 0.8008021390374331
0 0.08883248730964467 0.49866310160427807 0.06937394247038917 0.9251336898395722
0 0.8092216582064298 0.5848930481283422 0.07360406091370558 0.803475935828877
0 0.4010152284263959 0.5347593582887701 0.08121827411167512 0.8796791443850267
0 0.7470389170896785 0.5842245989304813 0.08121827411167512 0.8048128342245989
0 0.44712351945854484 0.5487967914438503 0.08037225042301184 0.8382352941176471
0 0.6882402707275804 0.5875668449197861 0.07360406091370558 0.7526737967914439
0 0.35786802030456855 0.5314171122994652 0.05414551607445008 0.8649732620320856
0 0.1446700507614213 0.4859625668449198 0.06598984771573604 0.9371657754010695
0 0.18612521150592218 0.5 0.06429780033840947 0.9224598930481284