0 0.8392857142857143 0.5972222222222222 0.27116402116402116 0.20436507936507936
0 0.8128306878306878 0.1433531746031746 0.27116402116402116 0.2371031746031746
0 0.6302910052910053 0.8020833333333334 0.2156084656084656 0.1875
0 0.3994708994708995 0.3244047619047619 0.15343915343915343 0.14087301587301587
0 0.8716931216931217 0.816468253968254 0.25396825396825395 0.20634920634920634
0 0.5892857142857143 0.4573412698412698 0.167989417989418 0.14087301587301587
0 0.40343915343915343 0.46875 0.14814814814814814 0.12996031746031747
0 0.5727513227513228 0.15426587301587302 0.1455026455026455 0.13392857142857142
0 0.22023809523809523 0.21726190476190477 0.13624338624338625 0.1388888888888889
0 0.21428571428571427 0.35367063492063494 0.12962962962962962 0.1259920634920635
0 0.37632275132275134 0.6235119047619048 0.2208994708994709 0.1001984126984127
0 0.4080687830687831 0.18898809523809523 0.13624338624338625 0.12996031746031747
0 0.583994708994709 0.6180555555555556 0.16005291005291006 0.13095238095238096
0 0.1746031746031746 0.6160714285714286 0.18253968253968253 0.12103174603174603
0 0.210978835978836 0.4895833333333333 0.13624338624338625 0.12202380952380952